1,1,1,1
3,3,3,3
5,5,5,5
10,10,10,10
16,16,16,16
17,17,17,17
18,18,18,18
23,23,23,23
30,30,30,30
36,36,36,36
37,37,37,37
44,44,44,44
45,45,45,45
57,57,57,57
61,61,61,61
64,64,64,64
67,67,67,67
69,69,69,69
72,72,72,72
73,73,73,73
74,74,74,74
77,77,77,77
79,79,79,79
84,84,84,84
90,90,90,90
93,93,93,93
95,95,95,95
111,111,111,111
116,116,116,116
122,122,122,122
123,123,123,123
125,125,125,125
126,126,126,126
127,127,127,127
138,138,138,138
139,139,139,139
153,153,153,153
155,155,155,155
156,156,156,156
163,163,163,163
172,172,172,172
174,174,174,174
179,179,179,179
181,181,181,181
186,186,186,186
188,188,188,188
194,194,194,194
195,195,195,195
196,196,196,196
203,203,203,203
204,204,204,204
207,207,207,207
208,208,208,208
211,211,211,211
216,216,216,216
217,217,217,217
222,222,222,222
226,226,226,226
230,230,230,230
232,232,232,232
243,243,243,243
247,247,247,247
248,248,248,248
249,249,249,249
253,253,253,253
255,255,255,255
260,260,260,260
261,261,261,261
266,266,266,266
273,273,273,273
280,280,280,280
281,281,281,281
288,288,288,288
291,291,291,291
292,292,292,292
303,303,303,303
305,305,305,305
306,306,306,306
310,310,310,310
319,319,319,319
322,322,322,322
325,325,325,325
327,327,327,327
333,333,333,333
335,335,335,335
338,338,338,338
340,340,340,340
343,343,343,343
347,347,347,347
349,349,349,349
352,352,352,352
357,357,357,357
364,364,364,364
365,365,365,365
369,369,369,369
372,372,372,372
373,373,373,373
375,375,375,375
378,378,378,378
384,384,384,384
386,386,386,386
387,387,387,387
388,388,388,388
390,390,390,390
395,395,395,395
396,396,396,396
397,397,397,397
398,398,398,398
408,408,408,408
414,414,414,414
421,421,421,421
422,422,422,422
430,430,430,430
433,433,433,433
435,435,435,435
437,437,437,437
439,439,439,439
440,440,440,440
443,443,443,443
447,447,447,447
451,451,451,451
453,453,453,453
455,455,455,455
458,458,458,458
464,464,464,464
466,466,466,466
476,476,476,476
477,477,477,477
478,478,478,478
479,479,479,479
481,481,481,481
483,483,483,483
484,484,484,484
488,488,488,488
489,489,489,489
494,494,494,494
495,495,495,495
496,496,496,496
498,498,498,498
504,504,504,504
506,506,506,506
510,510,510,510
516,516,516,516
519,519,519,519
524,524,524,524
525,525,525,525
527,527,527,527
531,531,531,531
533,533,533,533
539,539,539,539
542,542,542,542
543,543,543,543
545,545,545,545
548,548,548,548
549,549,549,549
558,558,558,558
561,561,561,561
562,562,562,562
570,570,570,570
575,575,575,575
577,577,577,577
578,578,578,578
579,579,579,579
589,589,589,589
593,593,593,593
599,599,599,599
601,601,601,601
602,602,602,602
603,603,603,603
606,606,606,606
609,609,609,609
613,613,613,613
616,616,616,616
627,627,627,627
628,628,628,628
631,631,631,631
632,632,632,632
633,633,633,633
639,639,639,639
641,641,641,641
646,646,646,646
647,647,647,647
648,648,648,648
649,649,649,649
659,659,659,659
662,662,662,662
665,665,665,665
668,668,668,668
670,670,670,670
673,673,673,673
677,677,677,677
682,682,682,682
689,689,689,689
693,693,693,693
695,695,695,695
707,707,707,707
710,710,710,710
712,712,712,712
716,716,716,716
720,720,720,720
721,721,721,721
722,722,722,722
727,727,727,727
730,730,730,730
737,737,737,737
738,738,738,738
739,739,739,739
754,754,754,754
757,757,757,757
758,758,758,758
762,762,762,762
772,772,772,772
795,795,795,795
796,796,796,796
798,798,798,798
799,799,799,799
804,804,804,804
811,811,811,811
812,812,812,812
816,816,816,816
818,818,818,818
822,822,822,822
839,839,839,839
840,840,840,840
841,841,841,841
844,844,844,844
845,845,845,845
859,859,859,859
862,862,862,862
865,865,865,865
866,866,866,866
869,869,869,869
875,875,875,875
877,877,877,877
888,888,888,888
891,891,891,891
903,903,903,903
917,917,917,917
919,919,919,919
929,929,929,929
942,942,942,942
944,944,944,944
952,952,952,952
953,953,953,953
954,954,954,954
958,958,958,958
960,960,960,960
962,962,962,962
965,965,965,965
968,968,968,968
972,972,972,972
977,977,977,977
984,984,984,984
988,988,988,988
989,989,989,989
990,990,990,990
994,994,994,994
996,996,996,996
999,999,999,999
1002,1002,1002,1002
1016,1016,1016,1016
1028,1028,1028,1028
1032,1032,1032,1032
1033,1033,1033,1033
1043,1043,1043,1043
1045,1045,1045,1045
1051,1051,1051,1051
1052,1052,1052,1052
1059,1059,1059,1059
1063,1063,1063,1063
1066,1066,1066,1066
1067,1067,1067,1067
1070,1070,1070,1070
1081,1081,1081,1081
1087,1087,1087,1087
1089,1089,1089,1089
1101,1101,1101,1101
1105,1105,1105,1105
1109,1109,1109,1109
1111,1111,1111,1111
1112,1112,1112,1112
1115,1115,1115,1115
1117,1117,1117,1117
1124,1124,1124,1124
1133,1133,1133,1133
1134,1134,1134,1134
1136,1136,1136,1136
1137,1137,1137,1137
1139,1139,1139,1139
1144,1144,1144,1144
1152,1152,1152,1152
1154,1154,1154,1154
1166,1166,1166,1166
1167,1167,1167,1167
1172,1172,1172,1172
1181,1181,1181,1181
1184,1184,1184,1184
1185,1185,1185,1185
1191,1191,1191,1191
1193,1193,1193,1193
1195,1195,1195,1195
1198,1198,1198,1198
1201,1201,1201,1201
1208,1208,1208,1208
1209,1209,1209,1209
1212,1212,1212,1212
1227,1227,1227,1227
1229,1229,1229,1229
1231,1231,1231,1231
1232,1232,1232,1232
1237,1237,1237,1237
1245,1245,1245,1245
1254,1254,1254,1254
1258,1258,1258,1258
1261,1261,1261,1261
1264,1264,1264,1264
1270,1270,1270,1270
1271,1271,1271,1271
1274,1274,1274,1274
1276,1276,1276,1276
1280,1280,1280,1280
1281,1281,1281,1281
1286,1286,1286,1286
1292,1292,1292,1292
1294,1294,1294,1294
1295,1295,1295,1295
1297,1297,1297,1297
1298,1298,1298,1298
1301,1301,1301,1301
1309,1309,1309,1309
1313,1313,1313,1313
1314,1314,1314,1314
1315,1315,1315,1315
1317,1317,1317,1317
1323,1323,1323,1323
1334,1334,1334,1334
1343,1343,1343,1343
1350,1350,1350,1350
1354,1354,1354,1354
1355,1355,1355,1355
1363,1363,1363,1363
1367,1367,1367,1367
1372,1372,1372,1372
1374,1374,1374,1374
1379,1379,1379,1379
1381,1381,1381,1381
1385,1385,1385,1385
1388,1388,1388,1388
1392,1392,1392,1392
1393,1393,1393,1393
1395,1395,1395,1395
1398,1398,1398,1398
1406,1406,1406,1406
1410,1410,1410,1410
1415,1415,1415,1415
1416,1416,1416,1416
1422,1422,1422,1422
1424,1424,1424,1424
1425,1425,1425,1425
1427,1427,1427,1427
1428,1428,1428,1428
1430,1430,1430,1430
1437,1437,1437,1437
1442,1442,1442,1442
1444,1444,1444,1444
1447,1447,1447,1447
1453,1453,1453,1453
1455,1455,1455,1455
1458,1458,1458,1458
1461,1461,1461,1461
1463,1463,1463,1463
1466,1466,1466,1466
1469,1469,1469,1469
1472,1472,1472,1472
1476,1476,1476,1476
1478,1478,1478,1478
1481,1481,1481,1481
1482,1482,1482,1482
1498,1498,1498,1498
1503,1503,1503,1503
1506,1506,1506,1506
1509,1509,1509,1509
1510,1510,1510,1510
1516,1516,1516,1516
1525,1525,1525,1525
1526,1526,1526,1526
1530,1530,1530,1530
1538,1538,1538,1538
1543,1543,1543,1543
1548,1548,1548,1548
1563,1563,1563,1563
1564,1564,1564,1564
1565,1565,1565,1565
1566,1566,1566,1566
1571,1571,1571,1571
1573,1573,1573,1573
1576,1576,1576,1576
1577,1577,1577,1577
1578,1578,1578,1578
1581,1581,1581,1581
1583,1583,1583,1583
1585,1585,1585,1585
1593,1593,1593,1593
1595,1595,1595,1595
1600,1600,1600,1600
1605,1605,1605,1605
1606,1606,1606,1606
1607,1607,1607,1607
1610,1610,1610,1610
1620,1620,1620,1620
1621,1621,1621,1621
1625,1625,1625,1625
1627,1627,1627,1627
1634,1634,1634,1634
1637,1637,1637,1637
1642,1642,1642,1642
1643,1643,1643,1643
1647,1647,1647,1647
1655,1655,1655,1655
1658,1658,1658,1658
1662,1662,1662,1662
1663,1663,1663,1663
1665,1665,1665,1665
1668,1668,1668,1668
1676,1676,1676,1676
1677,1677,1677,1677
1679,1679,1679,1679
1684,1684,1684,1684
1691,1691,1691,1691
1692,1692,1692,1692
1693,1693,1693,1693
1695,1695,1695,1695
1699,1699,1699,1699
1708,1708,1708,1708
1710,1710,1710,1710
1714,1714,1714,1714
1716,1716,1716,1716
1718,1718,1718,1718
1722,1722,1722,1722
1736,1736,1736,1736
1738,1738,1738,1738
1739,1739,1739,1739
1741,1741,1741,1741
1748,1748,1748,1748
1771,1771,1771,1771
1773,1773,1773,1773
1774,1774,1774,1774
1777,1777,1777,1777
1781,1781,1781,1781
1783,1783,1783,1783
1785,1785,1785,1785
1788,1788,1788,1788
1790,1790,1790,1790
1796,1796,1796,1796
1807,1807,1807,1807
1814,1814,1814,1814
1822,1822,1822,1822
1826,1826,1826,1826
1835,1835,1835,1835
1836,1836,1836,1836
1840,1840,1840,1840
1842,1842,1842,1842
1847,1847,1847,1847
1848,1848,1848,1848
1851,1851,1851,1851
1853,1853,1853,1853
1856,1856,1856,1856
1857,1857,1857,1857
1859,1859,1859,1859
1867,1867,1867,1867
1869,1869,1869,1869
1870,1870,1870,1870
1872,1872,1872,1872
1877,1877,1877,1877
1878,1878,1878,1878
1880,1880,1880,1880
1885,1885,1885,1885
1887,1887,1887,1887
1889,1889,1889,1889
1890,1890,1890,1890
1891,1891,1891,1891
1895,1895,1895,1895
1905,1905,1905,1905
1911,1911,1911,1911
1918,1918,1918,1918
1921,1921,1921,1921
1925,1925,1925,1925
1932,1932,1932,1932
1934,1934,1934,1934
1935,1935,1935,1935
1943,1943,1943,1943
1945,1945,1945,1945
1946,1946,1946,1946
1951,1951,1951,1951
1957,1957,1957,1957
1960,1960,1960,1960
1962,1962,1962,1962
1963,1963,1963,1963
1964,1964,1964,1964
1972,1972,1972,1972
1973,1973,1973,1973
1975,1975,1975,1975
1976,1976,1976,1976
1993,1993,1993,1993
1994,1994,1994,1994
1998,1998,1998,1998
2002,2002,2002,2002
2006,2006,2006,2006
2009,2009,2009,2009
2010,2010,2010,2010
2011,2011,2011,2011
2017,2017,2017,2017
2026,2026,2026,2026
2029,2029,2029,2029
2034,2034,2034,2034
2041,2041,2041,2041
2042,2042,2042,2042
2043,2043,2043,2043
2055,2055,2055,2055
2059,2059,2059,2059
2065,2065,2065,2065
2066,2066,2066,2066
2070,2070,2070,2070
2076,2076,2076,2076
2084,2084,2084,2084
2086,2086,2086,2086
2090,2090,2090,2090
2095,2095,2095,2095
2096,2096,2096,2096
2097,2097,2097,2097
2101,2101,2101,2101
2103,2103,2103,2103
2106,2106,2106,2106
2108,2108,2108,2108
2113,2113,2113,2113
2115,2115,2115,2115
2117,2117,2117,2117
2118,2118,2118,2118
2120,2120,2120,2120
2127,2127,2127,2127
2132,2132,2132,2132
2136,2136,2136,2136
2140,2140,2140,2140
2142,2142,2142,2142
2144,2144,2144,2144
2147,2147,2147,2147
2153,2153,2153,2153
2154,2154,2154,2154
2156,2156,2156,2156
2161,2161,2161,2161
2166,2166,2166,2166
2170,2170,2170,2170
2175,2175,2175,2175
2185,2185,2185,2185
2186,2186,2186,2186
2188,2188,2188,2188
2189,2189,2189,2189
2198,2198,2198,2198
2203,2203,2203,2203
2204,2204,2204,2204
2205,2205,2205,2205
2207,2207,2207,2207
2210,2210,2210,2210
2211,2211,2211,2211
2213,2213,2213,2213
2216,2216,2216,2216
2218,2218,2218,2218
2220,2220,2220,2220
2241,2241,2241,2241
2247,2247,2247,2247
2253,2253,2253,2253
2257,2257,2257,2257
2259,2259,2259,2259
2263,2263,2263,2263
2273,2273,2273,2273
2287,2287,2287,2287
2291,2291,2291,2291
2294,2294,2294,2294
2302,2302,2302,2302
2303,2303,2303,2303
2306,2306,2306,2306
2314,2314,2314,2314
2315,2315,2315,2315
2319,2319,2319,2319
2320,2320,2320,2320
2325,2325,2325,2325
2333,2333,2333,2333
2336,2336,2336,2336
2337,2337,2337,2337
2339,2339,2339,2339
2340,2340,2340,2340
2341,2341,2341,2341
2343,2343,2343,2343
2348,2348,2348,2348
2349,2349,2349,2349
2350,2350,2350,2350
2357,2357,2357,2357
2358,2358,2358,2358
2367,2367,2367,2367
2381,2381,2381,2381
2383,2383,2383,2383
2387,2387,2387,2387
2389,2389,2389,2389
2393,2393,2393,2393
2395,2395,2395,2395
2402,2402,2402,2402
2411,2411,2411,2411
2417,2417,2417,2417
2419,2419,2419,2419
2423,2423,2423,2423
2424,2424,2424,2424
2427,2427,2427,2427
2435,2435,2435,2435
2440,2440,2440,2440
2441,2441,2441,2441
2448,2448,2448,2448
2454,2454,2454,2454
2456,2456,2456,2456
2458,2458,2458,2458
2461,2461,2461,2461
2465,2465,2465,2465
2474,2474,2474,2474
2478,2478,2478,2478
2481,2481,2481,2481
2483,2483,2483,2483
2484,2484,2484,2484
2494,2494,2494,2494
2498,2498,2498,2498
2500,2500,2500,2500
2501,2501,2501,2501
2505,2505,2505,2505
2506,2506,2506,2506
2509,2509,2509,2509
2516,2516,2516,2516
2519,2519,2519,2519
2520,2520,2520,2520
2522,2522,2522,2522
2541,2541,2541,2541
2553,2553,2553,2553
2556,2556,2556,2556
2561,2561,2561,2561
2563,2563,2563,2563
2570,2570,2570,2570
2572,2572,2572,2572
2578,2578,2578,2578
2584,2584,2584,2584
2588,2588,2588,2588
2589,2589,2589,2589
2592,2592,2592,2592
2598,2598,2598,2598
2599,2599,2599,2599
2615,2615,2615,2615
2616,2616,2616,2616
2617,2617,2617,2617
2619,2619,2619,2619
2620,2620,2620,2620
2626,2626,2626,2626
2627,2627,2627,2627
2628,2628,2628,2628
2634,2634,2634,2634
2635,2635,2635,2635
2641,2641,2641,2641
2642,2642,2642,2642
2643,2643,2643,2643
2645,2645,2645,2645
2653,2653,2653,2653
2656,2656,2656,2656
2657,2657,2657,2657
2661,2661,2661,2661
2664,2664,2664,2664
2666,2666,2666,2666
2669,2669,2669,2669
2672,2672,2672,2672
2673,2673,2673,2673
2675,2675,2675,2675
2680,2680,2680,2680
2686,2686,2686,2686
2687,2687,2687,2687
2688,2688,2688,2688
2689,2689,2689,2689
2699,2699,2699,2699
2702,2702,2702,2702
2710,2710,2710,2710
2711,2711,2711,2711
2721,2721,2721,2721
2723,2723,2723,2723
2724,2724,2724,2724
2727,2727,2727,2727
2728,2728,2728,2728
2729,2729,2729,2729
2733,2733,2733,2733
2740,2740,2740,2740
2743,2743,2743,2743
2744,2744,2744,2744
2747,2747,2747,2747
2756,2756,2756,2756
2767,2767,2767,2767
2775,2775,2775,2775
2779,2779,2779,2779
2780,2780,2780,2780
2789,2789,2789,2789
2790,2790,2790,2790
2792,2792,2792,2792
2801,2801,2801,2801
2802,2802,2802,2802
2824,2824,2824,2824
2830,2830,2830,2830
2831,2831,2831,2831
2846,2846,2846,2846
2848,2848,2848,2848
2853,2853,2853,2853
2860,2860,2860,2860
2863,2863,2863,2863
2866,2866,2866,2866
2868,2868,2868,2868
2870,2870,2870,2870
2872,2872,2872,2872
2880,2880,2880,2880
2890,2890,2890,2890
2892,2892,2892,2892
2906,2906,2906,2906
2911,2911,2911,2911
2914,2914,2914,2914
2923,2923,2923,2923
2924,2924,2924,2924
2925,2925,2925,2925
2930,2930,2930,2930
2931,2931,2931,2931
2935,2935,2935,2935
2939,2939,2939,2939
2940,2940,2940,2940
2946,2946,2946,2946
2948,2948,2948,2948
2949,2949,2949,2949
2955,2955,2955,2955
2960,2960,2960,2960
2968,2968,2968,2968
2973,2973,2973,2973
2974,2974,2974,2974
2976,2976,2976,2976
2981,2981,2981,2981
2984,2984,2984,2984
2987,2987,2987,2987
2991,2991,2991,2991
3002,3002,3002,3002
3006,3006,3006,3006
3007,3007,3007,3007
3010,3010,3010,3010
3011,3011,3011,3011
3012,3012,3012,3012
3015,3015,3015,3015
3016,3016,3016,3016
3026,3026,3026,3026
3034,3034,3034,3034
3037,3037,3037,3037
3045,3045,3045,3045
3050,3050,3050,3050
3052,3052,3052,3052
3057,3057,3057,3057
3059,3059,3059,3059
3062,3062,3062,3062
3066,3066,3066,3066
3069,3069,3069,3069
3070,3070,3070,3070
3077,3077,3077,3077
3080,3080,3080,3080
3084,3084,3084,3084
3089,3089,3089,3089
3094,3094,3094,3094
3096,3096,3096,3096
3099,3099,3099,3099
3100,3100,3100,3100
3105,3105,3105,3105
3116,3116,3116,3116
3118,3118,3118,3118
3124,3124,3124,3124
3127,3127,3127,3127
3128,3128,3128,3128
3139,3139,3139,3139
3141,3141,3141,3141
3142,3142,3142,3142
3150,3150,3150,3150
3159,3159,3159,3159
3163,3163,3163,3163
3170,3170,3170,3170
3174,3174,3174,3174
3175,3175,3175,3175
3180,3180,3180,3180
3187,3187,3187,3187
3190,3190,3190,3190
3199,3199,3199,3199
3209,3209,3209,3209
3211,3211,3211,3211
3214,3214,3214,3214
3221,3221,3221,3221
3222,3222,3222,3222
3234,3234,3234,3234
3241,3241,3241,3241
3244,3244,3244,3244
3249,3249,3249,3249
3251,3251,3251,3251
3255,3255,3255,3255
3258,3258,3258,3258
3261,3261,3261,3261
3264,3264,3264,3264
3270,3270,3270,3270
3275,3275,3275,3275
3281,3281,3281,3281
3282,3282,3282,3282
3285,3285,3285,3285
3286,3286,3286,3286
3288,3288,3288,3288
3289,3289,3289,3289
3307,3307,3307,3307
3315,3315,3315,3315
3319,3319,3319,3319
3322,3322,3322,3322
3324,3324,3324,3324
3327,3327,3327,3327
3331,3331,3331,3331
3335,3335,3335,3335
3346,3346,3346,3346
3349,3349,3349,3349
3354,3354,3354,3354
3355,3355,3355,3355
3356,3356,3356,3356
3357,3357,3357,3357
3359,3359,3359,3359
3361,3361,3361,3361
3363,3363,3363,3363
3364,3364,3364,3364
3379,3379,3379,3379
3381,3381,3381,3381
3388,3388,3388,3388
3389,3389,3389,3389
3390,3390,3390,3390
3399,3399,3399,3399
3404,3404,3404,3404
3405,3405,3405,3405
3406,3406,3406,3406
3407,3407,3407,3407
3408,3408,3408,3408
3428,3428,3428,3428
3442,3442,3442,3442
3443,3443,3443,3443
3450,3450,3450,3450
3454,3454,3454,3454
3468,3468,3468,3468
3473,3473,3473,3473
3474,3474,3474,3474
3476,3476,3476,3476
3479,3479,3479,3479
3484,3484,3484,3484
3491,3491,3491,3491
3493,3493,3493,3493
3494,3494,3494,3494
3496,3496,3496,3496
3497,3497,3497,3497
3504,3504,3504,3504
3510,3510,3510,3510
3516,3516,3516,3516
3517,3517,3517,3517
3527,3527,3527,3527
3528,3528,3528,3528
3530,3530,3530,3530
3531,3531,3531,3531
3534,3534,3534,3534
3535,3535,3535,3535
3537,3537,3537,3537
3539,3539,3539,3539
3541,3541,3541,3541
3547,3547,3547,3547
3548,3548,3548,3548
3549,3549,3549,3549
3550,3550,3550,3550
3559,3559,3559,3559
3562,3562,3562,3562
3564,3564,3564,3564
3574,3574,3574,3574
3575,3575,3575,3575
3580,3580,3580,3580
3581,3581,3581,3581
3587,3587,3587,3587
3592,3592,3592,3592
3597,3597,3597,3597
3612,3612,3612,3612
3613,3613,3613,3613
3615,3615,3615,3615
3616,3616,3616,3616
3621,3621,3621,3621
3625,3625,3625,3625
3628,3628,3628,3628
3630,3630,3630,3630
3642,3642,3642,3642
3644,3644,3644,3644
3649,3649,3649,3649
3655,3655,3655,3655
3659,3659,3659,3659
3668,3668,3668,3668
3670,3670,3670,3670
3683,3683,3683,3683
3684,3684,3684,3684
3692,3692,3692,3692
3696,3696,3696,3696
3698,3698,3698,3698
3700,3700,3700,3700
3703,3703,3703,3703
3705,3705,3705,3705
3713,3713,3713,3713
3722,3722,3722,3722
3723,3723,3723,3723
3724,3724,3724,3724
3725,3725,3725,3725
3727,3727,3727,3727
3730,3730,3730,3730
3733,3733,3733,3733
3746,3746,3746,3746
3750,3750,3750,3750
3753,3753,3753,3753
3757,3757,3757,3757
3765,3765,3765,3765
3768,3768,3768,3768
3769,3769,3769,3769
3779,3779,3779,3779
3790,3790,3790,3790
3792,3792,3792,3792
3793,3793,3793,3793
3797,3797,3797,3797
3798,3798,3798,3798
3801,3801,3801,3801
3806,3806,3806,3806
3808,3808,3808,3808
3810,3810,3810,3810
3811,3811,3811,3811
3820,3820,3820,3820
3821,3821,3821,3821
3823,3823,3823,3823
3826,3826,3826,3826
3827,3827,3827,3827
3830,3830,3830,3830
3837,3837,3837,3837
3840,3840,3840,3840
3846,3846,3846,3846
3852,3852,3852,3852
3854,3854,3854,3854
3859,3859,3859,3859
3861,3861,3861,3861
3864,3864,3864,3864
3866,3866,3866,3866
3867,3867,3867,3867
3876,3876,3876,3876
3882,3882,3882,3882
3885,3885,3885,3885
3887,3887,3887,3887
3888,3888,3888,3888
3890,3890,3890,3890
3891,3891,3891,3891
3896,3896,3896,3896
3897,3897,3897,3897
3900,3900,3900,3900
3907,3907,3907,3907
3916,3916,3916,3916
3922,3922,3922,3922
3923,3923,3923,3923
3924,3924,3924,3924
3932,3932,3932,3932
3934,3934,3934,3934
3937,3937,3937,3937
3947,3947,3947,3947
3954,3954,3954,3954
3960,3960,3960,3960
3965,3965,3965,3965
3978,3978,3978,3978
3988,3988,3988,3988
3993,3993,3993,3993
3994,3994,3994,3994
4002,4002,4002,4002
4003,4003,4003,4003
4004,4004,4004,4004
4006,4006,4006,4006
4007,4007,4007,4007
4011,4011,4011,4011
4020,4020,4020,4020
4022,4022,4022,4022
4025,4025,4025,4025
4026,4026,4026,4026
4037,4037,4037,4037
4040,4040,4040,4040
4042,4042,4042,4042
4047,4047,4047,4047
4054,4054,4054,4054
4058,4058,4058,4058
4060,4060,4060,4060
4068,4068,4068,4068
4072,4072,4072,4072
4077,4077,4077,4077
4083,4083,4083,4083
4085,4085,4085,4085
4086,4086,4086,4086
4090,4090,4090,4090
4098,4098,4098,4098
4106,4106,4106,4106
4109,4109,4109,4109
4110,4110,4110,4110
4113,4113,4113,4113
4123,4123,4123,4123
4132,4132,4132,4132
4133,4133,4133,4133
4141,4141,4141,4141
4150,4150,4150,4150
4151,4151,4151,4151
4154,4154,4154,4154
4158,4158,4158,4158
4162,4162,4162,4162
4163,4163,4163,4163
4167,4167,4167,4167
4168,4168,4168,4168
4173,4173,4173,4173
4175,4175,4175,4175
4176,4176,4176,4176
4179,4179,4179,4179
4181,4181,4181,4181
4182,4182,4182,4182
4184,4184,4184,4184
4186,4186,4186,4186
4190,4190,4190,4190
4191,4191,4191,4191
4193,4193,4193,4193
4197,4197,4197,4197
4202,4202,4202,4202
4207,4207,4207,4207
4216,4216,4216,4216
4217,4217,4217,4217
4219,4219,4219,4219
4222,4222,4222,4222
4230,4230,4230,4230
4232,4232,4232,4232
4236,4236,4236,4236
4242,4242,4242,4242
4248,4248,4248,4248
4255,4255,4255,4255
4262,4262,4262,4262
4268,4268,4268,4268
4272,4272,4272,4272
4278,4278,4278,4278
4279,4279,4279,4279
4281,4281,4281,4281
4287,4287,4287,4287
4288,4288,4288,4288
4292,4292,4292,4292
4295,4295,4295,4295
4297,4297,4297,4297
4298,4298,4298,4298
4306,4306,4306,4306
4307,4307,4307,4307
4313,4313,4313,4313
4316,4316,4316,4316
4317,4317,4317,4317
4321,4321,4321,4321
4328,4328,4328,4328
4334,4334,4334,4334
4337,4337,4337,4337
4339,4339,4339,4339
4349,4349,4349,4349
4352,4352,4352,4352
4355,4355,4355,4355
4357,4357,4357,4357
4361,4361,4361,4361
4363,4363,4363,4363
4365,4365,4365,4365
4369,4369,4369,4369
4372,4372,4372,4372
4373,4373,4373,4373
4378,4378,4378,4378
4380,4380,4380,4380
4386,4386,4386,4386
4388,4388,4388,4388
4397,4397,4397,4397
4400,4400,4400,4400
4406,4406,4406,4406
4407,4407,4407,4407
4411,4411,4411,4411
4414,4414,4414,4414
4415,4415,4415,4415
4416,4416,4416,4416
4419,4419,4419,4419
4421,4421,4421,4421
4427,4427,4427,4427
4430,4430,4430,4430
4433,4433,4433,4433
4436,4436,4436,4436
4444,4444,4444,4444
4447,4447,4447,4447
4453,4453,4453,4453
4456,4456,4456,4456
4460,4460,4460,4460
4463,4463,4463,4463
4464,4464,4464,4464
4476,4476,4476,4476
4481,4481,4481,4481
4482,4482,4482,4482
4494,4494,4494,4494
4496,4496,4496,4496
4499,4499,4499,4499
4503,4503,4503,4503
4519,4519,4519,4519
4523,4523,4523,4523
4525,4525,4525,4525
4527,4527,4527,4527
4528,4528,4528,4528
4535,4535,4535,4535
4536,4536,4536,4536
4549,4549,4549,4549
4550,4550,4550,4550
4553,4553,4553,4553
4554,4554,4554,4554
4557,4557,4557,4557
4559,4559,4559,4559
4563,4563,4563,4563
4564,4564,4564,4564
4567,4567,4567,4567
4569,4569,4569,4569
4571,4571,4571,4571
4574,4574,4574,4574
4577,4577,4577,4577
4580,4580,4580,4580
4589,4589,4589,4589
4590,4590,4590,4590
4592,4592,4592,4592
4599,4599,4599,4599
4602,4602,4602,4602
4604,4604,4604,4604
4607,4607,4607,4607
4609,4609,4609,4609
4613,4613,4613,4613
4614,4614,4614,4614
4619,4619,4619,4619
4624,4624,4624,4624
4631,4631,4631,4631
4640,4640,4640,4640
4642,4642,4642,4642
4648,4648,4648,4648
4654,4654,4654,4654
4655,4655,4655,4655
4656,4656,4656,4656
4661,4661,4661,4661
4663,4663,4663,4663
4668,4668,4668,4668
4670,4670,4670,4670
4673,4673,4673,4673
4674,4674,4674,4674
4676,4676,4676,4676
4679,4679,4679,4679
4681,4681,4681,4681
4685,4685,4685,4685
4688,4688,4688,4688
4689,4689,4689,4689
4690,4690,4690,4690
4695,4695,4695,4695
4705,4705,4705,4705
4708,4708,4708,4708
4709,4709,4709,4709
4714,4714,4714,4714
4715,4715,4715,4715
4717,4717,4717,4717
4721,4721,4721,4721
4723,4723,4723,4723
4725,4725,4725,4725
4727,4727,4727,4727
4738,4738,4738,4738
4743,4743,4743,4743
4749,4749,4749,4749
4750,4750,4750,4750
4753,4753,4753,4753
4756,4756,4756,4756
4759,4759,4759,4759
4763,4763,4763,4763
4773,4773,4773,4773
4775,4775,4775,4775
4776,4776,4776,4776
4795,4795,4795,4795
4797,4797,4797,4797
4799,4799,4799,4799
4808,4808,4808,4808
4810,4810,4810,4810
4812,4812,4812,4812
4814,4814,4814,4814
4817,4817,4817,4817
4819,4819,4819,4819
4822,4822,4822,4822
4826,4826,4826,4826
4827,4827,4827,4827
4828,4828,4828,4828
4833,4833,4833,4833
4834,4834,4834,4834
4839,4839,4839,4839
4840,4840,4840,4840
4841,4841,4841,4841
4842,4842,4842,4842
4849,4849,4849,4849
4850,4850,4850,4850
4857,4857,4857,4857
4866,4866,4866,4866
4867,4867,4867,4867
4869,4869,4869,4869
4870,4870,4870,4870
4871,4871,4871,4871
4872,4872,4872,4872
4876,4876,4876,4876
4888,4888,4888,4888
4889,4889,4889,4889
4892,4892,4892,4892
4901,4901,4901,4901
4912,4912,4912,4912
4914,4914,4914,4914
4916,4916,4916,4916
4918,4918,4918,4918
4923,4923,4923,4923
4924,4924,4924,4924
4925,4925,4925,4925
4926,4926,4926,4926
4927,4927,4927,4927
4933,4933,4933,4933
4936,4936,4936,4936
4938,4938,4938,4938
4942,4942,4942,4942
4956,4956,4956,4956
4957,4957,4957,4957
4962,4962,4962,4962
4972,4972,4972,4972
4973,4973,4973,4973
4980,4980,4980,4980
4986,4986,4986,4986
4987,4987,4987,4987
4989,4989,4989,4989
4993,4993,4993,4993
4996,4996,4996,4996
4998,4998,4998,4998
5002,5002,5002,5002
5008,5008,5008,5008
5009,5009,5009,5009
5010,5010,5010,5010
5013,5013,5013,5013
5017,5017,5017,5017
5021,5021,5021,5021
5022,5022,5022,5022
5023,5023,5023,5023
5027,5027,5027,5027
5028,5028,5028,5028
5034,5034,5034,5034
5045,5045,5045,5045
5053,5053,5053,5053
5057,5057,5057,5057
5062,5062,5062,5062
5063,5063,5063,5063
5067,5067,5067,5067
5072,5072,5072,5072
5074,5074,5074,5074
5076,5076,5076,5076
5078,5078,5078,5078
5088,5088,5088,5088
5089,5089,5089,5089
5095,5095,5095,5095
5096,5096,5096,5096
5097,5097,5097,5097
5099,5099,5099,5099
5101,5101,5101,5101
5104,5104,5104,5104
5106,5106,5106,5106
5111,5111,5111,5111
5113,5113,5113,5113
5114,5114,5114,5114
5117,5117,5117,5117
5121,5121,5121,5121
5127,5127,5127,5127
5130,5130,5130,5130
5134,5134,5134,5134
5140,5140,5140,5140
5146,5146,5146,5146
5149,5149,5149,5149
5153,5153,5153,5153
5154,5154,5154,5154
5162,5162,5162,5162
5163,5163,5163,5163
5165,5165,5165,5165
5168,5168,5168,5168
5170,5170,5170,5170
5174,5174,5174,5174
5177,5177,5177,5177
5189,5189,5189,5189
5190,5190,5190,5190
5196,5196,5196,5196
5199,5199,5199,5199
5208,5208,5208,5208
5218,5218,5218,5218
5224,5224,5224,5224
5226,5226,5226,5226
5227,5227,5227,5227
5228,5228,5228,5228
5229,5229,5229,5229
5231,5231,5231,5231
5232,5232,5232,5232
5238,5238,5238,5238
5242,5242,5242,5242
5250,5250,5250,5250
5255,5255,5255,5255
5257,5257,5257,5257
5260,5260,5260,5260
5262,5262,5262,5262
5265,5265,5265,5265
5267,5267,5267,5267
5268,5268,5268,5268
5270,5270,5270,5270
5276,5276,5276,5276
5279,5279,5279,5279
5283,5283,5283,5283
5285,5285,5285,5285
5290,5290,5290,5290
5297,5297,5297,5297
5304,5304,5304,5304
5307,5307,5307,5307
5312,5312,5312,5312
5334,5334,5334,5334
5342,5342,5342,5342
5349,5349,5349,5349
5350,5350,5350,5350
5351,5351,5351,5351
5352,5352,5352,5352
5355,5355,5355,5355
5367,5367,5367,5367
5371,5371,5371,5371
5375,5375,5375,5375
5378,5378,5378,5378
5383,5383,5383,5383
5385,5385,5385,5385
5394,5394,5394,5394
5396,5396,5396,5396
5399,5399,5399,5399
5401,5401,5401,5401
5403,5403,5403,5403
5405,5405,5405,5405
5413,5413,5413,5413
5415,5415,5415,5415
5417,5417,5417,5417
5424,5424,5424,5424
5429,5429,5429,5429
5432,5432,5432,5432
5433,5433,5433,5433
5434,5434,5434,5434
5435,5435,5435,5435
5440,5440,5440,5440
5442,5442,5442,5442
5449,5449,5449,5449
5450,5450,5450,5450
5451,5451,5451,5451
5453,5453,5453,5453
5454,5454,5454,5454
5456,5456,5456,5456
5457,5457,5457,5457
5459,5459,5459,5459
5460,5460,5460,5460
5464,5464,5464,5464
5467,5467,5467,5467
5473,5473,5473,5473
5475,5475,5475,5475
5476,5476,5476,5476
5477,5477,5477,5477
5478,5478,5478,5478
5480,5480,5480,5480
5481,5481,5481,5481
5484,5484,5484,5484
5486,5486,5486,5486
5487,5487,5487,5487
5496,5496,5496,5496
5510,5510,5510,5510
5520,5520,5520,5520
5521,5521,5521,5521
5522,5522,5522,5522
5524,5524,5524,5524
5533,5533,5533,5533
5544,5544,5544,5544
5549,5549,5549,5549
5550,5550,5550,5550
5551,5551,5551,5551
5555,5555,5555,5555
5558,5558,5558,5558
5562,5562,5562,5562
5567,5567,5567,5567
5571,5571,5571,5571
5579,5579,5579,5579
5580,5580,5580,5580
5594,5594,5594,5594
5597,5597,5597,5597
5598,5598,5598,5598
5601,5601,5601,5601
5605,5605,5605,5605
5606,5606,5606,5606
5610,5610,5610,5610
5612,5612,5612,5612
5616,5616,5616,5616
5622,5622,5622,5622
5624,5624,5624,5624
5631,5631,5631,5631
5638,5638,5638,5638
5643,5643,5643,5643
5646,5646,5646,5646
5650,5650,5650,5650
5653,5653,5653,5653
5658,5658,5658,5658
5663,5663,5663,5663
5671,5671,5671,5671
5679,5679,5679,5679
5683,5683,5683,5683
5685,5685,5685,5685
5686,5686,5686,5686
5691,5691,5691,5691
5692,5692,5692,5692
5693,5693,5693,5693
5699,5699,5699,5699
5701,5701,5701,5701
5702,5702,5702,5702
5704,5704,5704,5704
5720,5720,5720,5720
5730,5730,5730,5730
5733,5733,5733,5733
5734,5734,5734,5734
5739,5739,5739,5739
5740,5740,5740,5740
5750,5750,5750,5750
5756,5756,5756,5756
5758,5758,5758,5758
5763,5763,5763,5763
5765,5765,5765,5765
5768,5768,5768,5768
5770,5770,5770,5770
5776,5776,5776,5776
5790,5790,5790,5790
5794,5794,5794,5794
5802,5802,5802,5802
5815,5815,5815,5815
5821,5821,5821,5821
5823,5823,5823,5823
5837,5837,5837,5837
5838,5838,5838,5838
5846,5846,5846,5846
5847,5847,5847,5847
5851,5851,5851,5851
5852,5852,5852,5852
5859,5859,5859,5859
5869,5869,5869,5869
5871,5871,5871,5871
5873,5873,5873,5873
5879,5879,5879,5879
5884,5884,5884,5884
5887,5887,5887,5887
5889,5889,5889,5889
5890,5890,5890,5890
5892,5892,5892,5892
5893,5893,5893,5893
5895,5895,5895,5895
5899,5899,5899,5899
5908,5908,5908,5908
5909,5909,5909,5909
5918,5918,5918,5918
5919,5919,5919,5919
5922,5922,5922,5922
5932,5932,5932,5932
5935,5935,5935,5935
5944,5944,5944,5944
5945,5945,5945,5945
5947,5947,5947,5947
5957,5957,5957,5957
5959,5959,5959,5959
5961,5961,5961,5961
5974,5974,5974,5974
5976,5976,5976,5976
5981,5981,5981,5981
5982,5982,5982,5982
5984,5984,5984,5984
5999,5999,5999,5999
6000,6000,6000,6000
6001,6001,6001,6001
6013,6013,6013,6013
6016,6016,6016,6016
6024,6024,6024,6024
6026,6026,6026,6026
6028,6028,6028,6028
6032,6032,6032,6032
6037,6037,6037,6037
6038,6038,6038,6038
6041,6041,6041,6041
6043,6043,6043,6043
6044,6044,6044,6044
6046,6046,6046,6046
6048,6048,6048,6048
6050,6050,6050,6050
6052,6052,6052,6052
6056,6056,6056,6056
6063,6063,6063,6063
6069,6069,6069,6069
6074,6074,6074,6074
6076,6076,6076,6076
6081,6081,6081,6081
6082,6082,6082,6082
6083,6083,6083,6083
6087,6087,6087,6087
6088,6088,6088,6088
6093,6093,6093,6093
6094,6094,6094,6094
6095,6095,6095,6095
6098,6098,6098,6098
6101,6101,6101,6101
6106,6106,6106,6106
6119,6119,6119,6119
6127,6127,6127,6127
6128,6128,6128,6128
6129,6129,6129,6129
6133,6133,6133,6133
6137,6137,6137,6137
6138,6138,6138,6138
6139,6139,6139,6139
6146,6146,6146,6146
6150,6150,6150,6150
6155,6155,6155,6155
6156,6156,6156,6156
6165,6165,6165,6165
6169,6169,6169,6169
6178,6178,6178,6178
6185,6185,6185,6185
6186,6186,6186,6186
6196,6196,6196,6196
6198,6198,6198,6198
6205,6205,6205,6205
6209,6209,6209,6209
6210,6210,6210,6210
6212,6212,6212,6212
6215,6215,6215,6215
6233,6233,6233,6233
6238,6238,6238,6238
6239,6239,6239,6239
6241,6241,6241,6241
6257,6257,6257,6257
6271,6271,6271,6271
6279,6279,6279,6279
6287,6287,6287,6287
6291,6291,6291,6291
6295,6295,6295,6295
6298,6298,6298,6298
6301,6301,6301,6301
6308,6308,6308,6308
6315,6315,6315,6315
6319,6319,6319,6319
6323,6323,6323,6323
6324,6324,6324,6324
6327,6327,6327,6327
6329,6329,6329,6329
6331,6331,6331,6331
6332,6332,6332,6332
6333,6333,6333,6333
6335,6335,6335,6335
6338,6338,6338,6338
6350,6350,6350,6350
6358,6358,6358,6358
6360,6360,6360,6360
6366,6366,6366,6366
6368,6368,6368,6368
6369,6369,6369,6369
6370,6370,6370,6370
6372,6372,6372,6372
6385,6385,6385,6385
6391,6391,6391,6391
6392,6392,6392,6392
6395,6395,6395,6395
6396,6396,6396,6396
6402,6402,6402,6402
6408,6408,6408,6408
6409,6409,6409,6409
6415,6415,6415,6415
6417,6417,6417,6417
6418,6418,6418,6418
6419,6419,6419,6419
6423,6423,6423,6423
6424,6424,6424,6424
6431,6431,6431,6431
6437,6437,6437,6437
6438,6438,6438,6438
6442,6442,6442,6442
6445,6445,6445,6445
6453,6453,6453,6453
6458,6458,6458,6458
6459,6459,6459,6459
6464,6464,6464,6464
6465,6465,6465,6465
6470,6470,6470,6470
6473,6473,6473,6473
6479,6479,6479,6479
6484,6484,6484,6484
6490,6490,6490,6490
6491,6491,6491,6491
6496,6496,6496,6496
6498,6498,6498,6498
6500,6500,6500,6500
6501,6501,6501,6501
6510,6510,6510,6510
6513,6513,6513,6513
6515,6515,6515,6515
6519,6519,6519,6519
6522,6522,6522,6522
6523,6523,6523,6523
6530,6530,6530,6530
6543,6543,6543,6543
6550,6550,6550,6550
6552,6552,6552,6552
6553,6553,6553,6553
6555,6555,6555,6555
6560,6560,6560,6560
6568,6568,6568,6568
6581,6581,6581,6581
6601,6601,6601,6601
6612,6612,6612,6612
6613,6613,6613,6613
6620,6620,6620,6620
6626,6626,6626,6626
6627,6627,6627,6627
6628,6628,6628,6628
6629,6629,6629,6629
6630,6630,6630,6630
6633,6633,6633,6633
6634,6634,6634,6634
6636,6636,6636,6636
6641,6641,6641,6641
6644,6644,6644,6644
6645,6645,6645,6645
6648,6648,6648,6648
6652,6652,6652,6652
6653,6653,6653,6653
6655,6655,6655,6655
6656,6656,6656,6656
6657,6657,6657,6657
6662,6662,6662,6662
6665,6665,6665,6665
6666,6666,6666,6666
6668,6668,6668,6668
6670,6670,6670,6670
6678,6678,6678,6678
6680,6680,6680,6680
6682,6682,6682,6682
6684,6684,6684,6684
6694,6694,6694,6694
6704,6704,6704,6704
6708,6708,6708,6708
6710,6710,6710,6710
6714,6714,6714,6714
6726,6726,6726,6726
6727,6727,6727,6727
6743,6743,6743,6743
6754,6754,6754,6754
6755,6755,6755,6755
6762,6762,6762,6762
6767,6767,6767,6767
6769,6769,6769,6769
6776,6776,6776,6776
6781,6781,6781,6781
6783,6783,6783,6783
6785,6785,6785,6785
6789,6789,6789,6789
6793,6793,6793,6793
6795,6795,6795,6795
6798,6798,6798,6798
6801,6801,6801,6801
6805,6805,6805,6805
6807,6807,6807,6807
6809,6809,6809,6809
6815,6815,6815,6815
6817,6817,6817,6817
6818,6818,6818,6818
6822,6822,6822,6822
6825,6825,6825,6825
6833,6833,6833,6833
6841,6841,6841,6841
6844,6844,6844,6844
6845,6845,6845,6845
6851,6851,6851,6851
6855,6855,6855,6855
6856,6856,6856,6856
6868,6868,6868,6868
6871,6871,6871,6871
6873,6873,6873,6873
6888,6888,6888,6888
6889,6889,6889,6889
6890,6890,6890,6890
6895,6895,6895,6895
6901,6901,6901,6901
6902,6902,6902,6902
6921,6921,6921,6921
6931,6931,6931,6931
6933,6933,6933,6933
6941,6941,6941,6941
6942,6942,6942,6942
6943,6943,6943,6943
6944,6944,6944,6944
6945,6945,6945,6945
6946,6946,6946,6946
6960,6960,6960,6960
6964,6964,6964,6964
6967,6967,6967,6967
6968,6968,6968,6968
6969,6969,6969,6969
6971,6971,6971,6971
6973,6973,6973,6973
6974,6974,6974,6974
6977,6977,6977,6977
6981,6981,6981,6981
6994,6994,6994,6994
6996,6996,6996,6996
6997,6997,6997,6997
7000,7000,7000,7000
7001,7001,7001,7001
7002,7002,7002,7002
7005,7005,7005,7005
7007,7007,7007,7007
7009,7009,7009,7009
7010,7010,7010,7010
7012,7012,7012,7012
7019,7019,7019,7019
7026,7026,7026,7026
7031,7031,7031,7031
7033,7033,7033,7033
7038,7038,7038,7038
7041,7041,7041,7041
7042,7042,7042,7042
7057,7057,7057,7057
7059,7059,7059,7059
7062,7062,7062,7062
7069,7069,7069,7069
7072,7072,7072,7072
7075,7075,7075,7075
7076,7076,7076,7076
7078,7078,7078,7078
7086,7086,7086,7086
7088,7088,7088,7088
7091,7091,7091,7091
7092,7092,7092,7092
7097,7097,7097,7097
7099,7099,7099,7099
7100,7100,7100,7100
7102,7102,7102,7102
7107,7107,7107,7107
7109,7109,7109,7109
7115,7115,7115,7115
7117,7117,7117,7117
7120,7120,7120,7120
7125,7125,7125,7125
7130,7130,7130,7130
7132,7132,7132,7132
7135,7135,7135,7135
7136,7136,7136,7136
7139,7139,7139,7139
7141,7141,7141,7141
7153,7153,7153,7153
7157,7157,7157,7157
7159,7159,7159,7159
7161,7161,7161,7161
7165,7165,7165,7165
7167,7167,7167,7167
7168,7168,7168,7168
7169,7169,7169,7169
7171,7171,7171,7171
7176,7176,7176,7176
7183,7183,7183,7183
7185,7185,7185,7185
7190,7190,7190,7190
7191,7191,7191,7191
7201,7201,7201,7201
7202,7202,7202,7202
7206,7206,7206,7206
7210,7210,7210,7210
7219,7219,7219,7219
7226,7226,7226,7226
7228,7228,7228,7228
7229,7229,7229,7229
7233,7233,7233,7233
7238,7238,7238,7238
7241,7241,7241,7241
7246,7246,7246,7246
7249,7249,7249,7249
7251,7251,7251,7251
7252,7252,7252,7252
7253,7253,7253,7253
7255,7255,7255,7255
7261,7261,7261,7261
7265,7265,7265,7265
7270,7270,7270,7270
7271,7271,7271,7271
7278,7278,7278,7278
7285,7285,7285,7285
7286,7286,7286,7286
7289,7289,7289,7289
7292,7292,7292,7292
7293,7293,7293,7293
7294,7294,7294,7294
7299,7299,7299,7299
7303,7303,7303,7303
7306,7306,7306,7306
7307,7307,7307,7307
7316,7316,7316,7316
7319,7319,7319,7319
7322,7322,7322,7322
7326,7326,7326,7326
7335,7335,7335,7335
7336,7336,7336,7336
7337,7337,7337,7337
7338,7338,7338,7338
7342,7342,7342,7342
7345,7345,7345,7345
7357,7357,7357,7357
7361,7361,7361,7361
7371,7371,7371,7371
7372,7372,7372,7372
7373,7373,7373,7373
7374,7374,7374,7374
7376,7376,7376,7376
7379,7379,7379,7379
7381,7381,7381,7381
7384,7384,7384,7384
7387,7387,7387,7387
7393,7393,7393,7393
7404,7404,7404,7404
7414,7414,7414,7414
7421,7421,7421,7421
7425,7425,7425,7425
7428,7428,7428,7428
7435,7435,7435,7435
7436,7436,7436,7436
7443,7443,7443,7443
7445,7445,7445,7445
7456,7456,7456,7456
7459,7459,7459,7459
7465,7465,7465,7465
7470,7470,7470,7470
7471,7471,7471,7471
7473,7473,7473,7473
7474,7474,7474,7474
7479,7479,7479,7479
7486,7486,7486,7486
7487,7487,7487,7487
7498,7498,7498,7498
7500,7500,7500,7500
7501,7501,7501,7501
7502,7502,7502,7502
7509,7509,7509,7509
7511,7511,7511,7511
7517,7517,7517,7517
7530,7530,7530,7530
7532,7532,7532,7532
7541,7541,7541,7541
7546,7546,7546,7546
7553,7553,7553,7553
7555,7555,7555,7555
7556,7556,7556,7556
7557,7557,7557,7557
7560,7560,7560,7560
7563,7563,7563,7563
7574,7574,7574,7574
7577,7577,7577,7577
7579,7579,7579,7579
7581,7581,7581,7581
7583,7583,7583,7583
7585,7585,7585,7585
7588,7588,7588,7588
7590,7590,7590,7590
7593,7593,7593,7593
7594,7594,7594,7594
7608,7608,7608,7608
7611,7611,7611,7611
7613,7613,7613,7613
7620,7620,7620,7620
7625,7625,7625,7625
7628,7628,7628,7628
7630,7630,7630,7630
7632,7632,7632,7632
7637,7637,7637,7637
7638,7638,7638,7638
7650,7650,7650,7650
7651,7651,7651,7651
7653,7653,7653,7653
7657,7657,7657,7657
7661,7661,7661,7661
7662,7662,7662,7662
7668,7668,7668,7668
7671,7671,7671,7671
7672,7672,7672,7672
7673,7673,7673,7673
7674,7674,7674,7674
7680,7680,7680,7680
7687,7687,7687,7687
7692,7692,7692,7692
7705,7705,7705,7705
7716,7716,7716,7716
7728,7728,7728,7728
7729,7729,7729,7729
7730,7730,7730,7730
7731,7731,7731,7731
7732,7732,7732,7732
7740,7740,7740,7740
7746,7746,7746,7746
7747,7747,7747,7747
7755,7755,7755,7755
7769,7769,7769,7769
7772,7772,7772,7772
7775,7775,7775,7775
7777,7777,7777,7777
7778,7778,7778,7778
7786,7786,7786,7786
7796,7796,7796,7796
7803,7803,7803,7803
7812,7812,7812,7812
7816,7816,7816,7816
7817,7817,7817,7817
7819,7819,7819,7819
7820,7820,7820,7820
7826,7826,7826,7826
7828,7828,7828,7828
7829,7829,7829,7829
7832,7832,7832,7832
7837,7837,7837,7837
7839,7839,7839,7839
7842,7842,7842,7842
7846,7846,7846,7846
7850,7850,7850,7850
7851,7851,7851,7851
7865,7865,7865,7865
7866,7866,7866,7866
7867,7867,7867,7867
7868,7868,7868,7868
7869,7869,7869,7869
7871,7871,7871,7871
7873,7873,7873,7873
7874,7874,7874,7874
7878,7878,7878,7878
7880,7880,7880,7880
7884,7884,7884,7884
7889,7889,7889,7889
7891,7891,7891,7891
7898,7898,7898,7898
7904,7904,7904,7904
7905,7905,7905,7905
7906,7906,7906,7906
7912,7912,7912,7912
7914,7914,7914,7914
7916,7916,7916,7916
7923,7923,7923,7923
7927,7927,7927,7927
7932,7932,7932,7932
7933,7933,7933,7933
7934,7934,7934,7934
7947,7947,7947,7947
7948,7948,7948,7948
7953,7953,7953,7953
7955,7955,7955,7955
7957,7957,7957,7957
7967,7967,7967,7967
7970,7970,7970,7970
7974,7974,7974,7974
7977,7977,7977,7977
7989,7989,7989,7989
7992,7992,7992,7992
7994,7994,7994,7994
8001,8001,8001,8001
8003,8003,8003,8003
8005,8005,8005,8005
8007,8007,8007,8007
8008,8008,8008,8008
8014,8014,8014,8014
8016,8016,8016,8016
8017,8017,8017,8017
8022,8022,8022,8022
8026,8026,8026,8026
8027,8027,8027,8027
8033,8033,8033,8033
8035,8035,8035,8035
8036,8036,8036,8036
8049,8049,8049,8049
8057,8057,8057,8057
8060,8060,8060,8060
8061,8061,8061,8061
8065,8065,8065,8065
8068,8068,8068,8068
8072,8072,8072,8072
8075,8075,8075,8075
8076,8076,8076,8076
8085,8085,8085,8085
8087,8087,8087,8087
8091,8091,8091,8091
8099,8099,8099,8099
8101,8101,8101,8101
8102,8102,8102,8102
8109,8109,8109,8109
8111,8111,8111,8111
8120,8120,8120,8120
8122,8122,8122,8122
8126,8126,8126,8126
8137,8137,8137,8137
8148,8148,8148,8148
8150,8150,8150,8150
8155,8155,8155,8155
8173,8173,8173,8173
8190,8190,8190,8190
8198,8198,8198,8198
8199,8199,8199,8199
8203,8203,8203,8203
8204,8204,8204,8204
8206,8206,8206,8206
8209,8209,8209,8209
8219,8219,8219,8219
8221,8221,8221,8221
8223,8223,8223,8223
8225,8225,8225,8225
8238,8238,8238,8238
8239,8239,8239,8239
8240,8240,8240,8240
8250,8250,8250,8250
8258,8258,8258,8258
8262,8262,8262,8262
8264,8264,8264,8264
8269,8269,8269,8269
8270,8270,8270,8270
8272,8272,8272,8272
8277,8277,8277,8277
8279,8279,8279,8279
8281,8281,8281,8281
8283,8283,8283,8283
8285,8285,8285,8285
8287,8287,8287,8287
8293,8293,8293,8293
8300,8300,8300,8300
8303,8303,8303,8303
8305,8305,8305,8305
8308,8308,8308,8308
8309,8309,8309,8309
8311,8311,8311,8311
8314,8314,8314,8314
8325,8325,8325,8325
8327,8327,8327,8327
8328,8328,8328,8328
8329,8329,8329,8329
8333,8333,8333,8333
8336,8336,8336,8336
8341,8341,8341,8341
8342,8342,8342,8342
8347,8347,8347,8347
8348,8348,8348,8348
8350,8350,8350,8350
8356,8356,8356,8356
8361,8361,8361,8361
8363,8363,8363,8363
8365,8365,8365,8365
8373,8373,8373,8373
8377,8377,8377,8377
8380,8380,8380,8380
8385,8385,8385,8385
8390,8390,8390,8390
8392,8392,8392,8392
8393,8393,8393,8393
8396,8396,8396,8396
8397,8397,8397,8397
8400,8400,8400,8400
8405,8405,8405,8405
8407,8407,8407,8407
8412,8412,8412,8412
8413,8413,8413,8413
8417,8417,8417,8417
8429,8429,8429,8429
8431,8431,8431,8431
8438,8438,8438,8438
8440,8440,8440,8440
8444,8444,8444,8444
8445,8445,8445,8445
8448,8448,8448,8448
8451,8451,8451,8451
8452,8452,8452,8452
8454,8454,8454,8454
8457,8457,8457,8457
8460,8460,8460,8460
8469,8469,8469,8469
8470,8470,8470,8470
8476,8476,8476,8476
8480,8480,8480,8480
8486,8486,8486,8486
8492,8492,8492,8492
8493,8493,8493,8493
8499,8499,8499,8499
8504,8504,8504,8504
8507,8507,8507,8507
8508,8508,8508,8508
8509,8509,8509,8509
8513,8513,8513,8513
8516,8516,8516,8516
8522,8522,8522,8522
8525,8525,8525,8525
8530,8530,8530,8530
8538,8538,8538,8538
8539,8539,8539,8539
8547,8547,8547,8547
8554,8554,8554,8554
8558,8558,8558,8558
8560,8560,8560,8560
8566,8566,8566,8566
8574,8574,8574,8574
8584,8584,8584,8584
8590,8590,8590,8590
8591,8591,8591,8591
8592,8592,8592,8592
8596,8596,8596,8596
8600,8600,8600,8600
8602,8602,8602,8602
8603,8603,8603,8603
8605,8605,8605,8605
8610,8610,8610,8610
8615,8615,8615,8615
8617,8617,8617,8617
8625,8625,8625,8625
8633,8633,8633,8633
8639,8639,8639,8639
8642,8642,8642,8642
8657,8657,8657,8657
8658,8658,8658,8658
8660,8660,8660,8660
8664,8664,8664,8664
8665,8665,8665,8665
8672,8672,8672,8672
8679,8679,8679,8679
8681,8681,8681,8681
8682,8682,8682,8682
8684,8684,8684,8684
8687,8687,8687,8687
8689,8689,8689,8689
8698,8698,8698,8698
8699,8699,8699,8699
8704,8704,8704,8704
8706,8706,8706,8706
8707,8707,8707,8707
8712,8712,8712,8712
8713,8713,8713,8713
8715,8715,8715,8715
8716,8716,8716,8716
8719,8719,8719,8719
8720,8720,8720,8720
8724,8724,8724,8724
8726,8726,8726,8726
8729,8729,8729,8729
8731,8731,8731,8731
8739,8739,8739,8739
8743,8743,8743,8743
8746,8746,8746,8746
8754,8754,8754,8754
8755,8755,8755,8755
8765,8765,8765,8765
8774,8774,8774,8774
8777,8777,8777,8777
8778,8778,8778,8778
8785,8785,8785,8785
8786,8786,8786,8786
8789,8789,8789,8789
8791,8791,8791,8791
8793,8793,8793,8793
8794,8794,8794,8794
8798,8798,8798,8798
8799,8799,8799,8799
8807,8807,8807,8807
8811,8811,8811,8811
8813,8813,8813,8813
8816,8816,8816,8816
8818,8818,8818,8818
8821,8821,8821,8821
8824,8824,8824,8824
8828,8828,8828,8828
8835,8835,8835,8835
8838,8838,8838,8838
8853,8853,8853,8853
8868,8868,8868,8868
8869,8869,8869,8869
8873,8873,8873,8873
8881,8881,8881,8881
8882,8882,8882,8882
8883,8883,8883,8883
8885,8885,8885,8885
8888,8888,8888,8888
8889,8889,8889,8889
8895,8895,8895,8895
8900,8900,8900,8900
8909,8909,8909,8909
8910,8910,8910,8910
8921,8921,8921,8921
8922,8922,8922,8922
8923,8923,8923,8923
8930,8930,8930,8930
8938,8938,8938,8938
8943,8943,8943,8943
8945,8945,8945,8945
8947,8947,8947,8947
8949,8949,8949,8949
8958,8958,8958,8958
8960,8960,8960,8960
8961,8961,8961,8961
8968,8968,8968,8968
8973,8973,8973,8973
8979,8979,8979,8979
8983,8983,8983,8983
8989,8989,8989,8989
9002,9002,9002,9002
9004,9004,9004,9004
9005,9005,9005,9005
9010,9010,9010,9010
9011,9011,9011,9011
9013,9013,9013,9013
9014,9014,9014,9014
9019,9019,9019,9019
9021,9021,9021,9021
9027,9027,9027,9027
9029,9029,9029,9029
9030,9030,9030,9030
9041,9041,9041,9041
9042,9042,9042,9042
9052,9052,9052,9052
9056,9056,9056,9056
9064,9064,9064,9064
9066,9066,9066,9066
9067,9067,9067,9067
9076,9076,9076,9076
9087,9087,9087,9087
9089,9089,9089,9089
9091,9091,9091,9091
9093,9093,9093,9093
9098,9098,9098,9098
9100,9100,9100,9100
9102,9102,9102,9102
9104,9104,9104,9104
9105,9105,9105,9105
9118,9118,9118,9118
9119,9119,9119,9119
9126,9126,9126,9126
9135,9135,9135,9135
9136,9136,9136,9136
9140,9140,9140,9140
9141,9141,9141,9141
9142,9142,9142,9142
9148,9148,9148,9148
9167,9167,9167,9167
9170,9170,9170,9170
9171,9171,9171,9171
9172,9172,9172,9172
9176,9176,9176,9176
9177,9177,9177,9177
9188,9188,9188,9188
9190,9190,9190,9190
9191,9191,9191,9191
9192,9192,9192,9192
9194,9194,9194,9194
9195,9195,9195,9195
9197,9197,9197,9197
9198,9198,9198,9198
9199,9199,9199,9199
9203,9203,9203,9203
9212,9212,9212,9212
9214,9214,9214,9214
9218,9218,9218,9218
9220,9220,9220,9220
9223,9223,9223,9223
9231,9231,9231,9231
9233,9233,9233,9233
9236,9236,9236,9236
9239,9239,9239,9239
9247,9247,9247,9247
9250,9250,9250,9250
9251,9251,9251,9251
9257,9257,9257,9257
9260,9260,9260,9260
9265,9265,9265,9265
9266,9266,9266,9266
9269,9269,9269,9269
9271,9271,9271,9271
9272,9272,9272,9272
9273,9273,9273,9273
9278,9278,9278,9278
9279,9279,9279,9279
9281,9281,9281,9281
9282,9282,9282,9282
9283,9283,9283,9283
9292,9292,9292,9292
9296,9296,9296,9296
9303,9303,9303,9303
9306,9306,9306,9306
9310,9310,9310,9310
9321,9321,9321,9321
9325,9325,9325,9325
9329,9329,9329,9329
9336,9336,9336,9336
9338,9338,9338,9338
9341,9341,9341,9341
9350,9350,9350,9350
9351,9351,9351,9351
9354,9354,9354,9354
9356,9356,9356,9356
9360,9360,9360,9360
9369,9369,9369,9369
9372,9372,9372,9372
9373,9373,9373,9373
9386,9386,9386,9386
9388,9388,9388,9388
9389,9389,9389,9389
9391,9391,9391,9391
9394,9394,9394,9394
9403,9403,9403,9403
9406,9406,9406,9406
9409,9409,9409,9409
9424,9424,9424,9424
9426,9426,9426,9426
9428,9428,9428,9428
9429,9429,9429,9429
9437,9437,9437,9437
9439,9439,9439,9439
9444,9444,9444,9444
9464,9464,9464,9464
9468,9468,9468,9468
9473,9473,9473,9473
9476,9476,9476,9476
9479,9479,9479,9479
9480,9480,9480,9480
9483,9483,9483,9483
9484,9484,9484,9484
9485,9485,9485,9485
9486,9486,9486,9486
9489,9489,9489,9489
9490,9490,9490,9490
9494,9494,9494,9494
9496,9496,9496,9496
9499,9499,9499,9499
9500,9500,9500,9500
9502,9502,9502,9502
9505,9505,9505,9505
9507,9507,9507,9507
9508,9508,9508,9508
9511,9511,9511,9511
9516,9516,9516,9516
9521,9521,9521,9521
9525,9525,9525,9525
9550,9550,9550,9550
9552,9552,9552,9552
9555,9555,9555,9555
9563,9563,9563,9563
9572,9572,9572,9572
9576,9576,9576,9576
9578,9578,9578,9578
9590,9590,9590,9590
9591,9591,9591,9591
9594,9594,9594,9594
9595,9595,9595,9595
9597,9597,9597,9597
9602,9602,9602,9602
9607,9607,9607,9607
9608,9608,9608,9608
9610,9610,9610,9610
9623,9623,9623,9623
9631,9631,9631,9631
9633,9633,9633,9633
9634,9634,9634,9634
9635,9635,9635,9635
9636,9636,9636,9636
9645,9645,9645,9645
9648,9648,9648,9648
9649,9649,9649,9649
9653,9653,9653,9653
9656,9656,9656,9656
9663,9663,9663,9663
9666,9666,9666,9666
9667,9667,9667,9667
9669,9669,9669,9669
9673,9673,9673,9673
9676,9676,9676,9676
9678,9678,9678,9678
9683,9683,9683,9683
9684,9684,9684,9684
9685,9685,9685,9685
9687,9687,9687,9687
9689,9689,9689,9689
9694,9694,9694,9694
9695,9695,9695,9695
9703,9703,9703,9703
9705,9705,9705,9705
9710,9710,9710,9710
9717,9717,9717,9717
9719,9719,9719,9719
9721,9721,9721,9721
9722,9722,9722,9722
9725,9725,9725,9725
9727,9727,9727,9727
9731,9731,9731,9731
9732,9732,9732,9732
9736,9736,9736,9736
9738,9738,9738,9738
9739,9739,9739,9739
9750,9750,9750,9750
9753,9753,9753,9753
9754,9754,9754,9754
9757,9757,9757,9757
9760,9760,9760,9760
9761,9761,9761,9761
9763,9763,9763,9763
9767,9767,9767,9767
9768,9768,9768,9768
9776,9776,9776,9776
9779,9779,9779,9779
9784,9784,9784,9784
9785,9785,9785,9785
9791,9791,9791,9791
9799,9799,9799,9799
9800,9800,9800,9800
9805,9805,9805,9805
9808,9808,9808,9808
9815,9815,9815,9815
9821,9821,9821,9821
9824,9824,9824,9824
9829,9829,9829,9829
9832,9832,9832,9832
9837,9837,9837,9837
9839,9839,9839,9839
9846,9846,9846,9846
9847,9847,9847,9847
9861,9861,9861,9861
9864,9864,9864,9864
9868,9868,9868,9868
9869,9869,9869,9869
9870,9870,9870,9870
9872,9872,9872,9872
9873,9873,9873,9873
9888,9888,9888,9888
9897,9897,9897,9897
9900,9900,9900,9900
9903,9903,9903,9903
9905,9905,9905,9905
9908,9908,9908,9908
9916,9916,9916,9916
9929,9929,9929,9929
9930,9930,9930,9930
9931,9931,9931,9931
9934,9934,9934,9934
9935,9935,9935,9935
9936,9936,9936,9936
9937,9937,9937,9937
9939,9939,9939,9939
9946,9946,9946,9946
9947,9947,9947,9947
9952,9952,9952,9952
9956,9956,9956,9956
9959,9959,9959,9959
9960,9960,9960,9960
9961,9961,9961,9961
9964,9964,9964,9964
9965,9965,9965,9965
9969,9969,9969,9969
9976,9976,9976,9976
9977,9977,9977,9977
9978,9978,9978,9978
9988,9988,9988,9988
9991,9991,9991,9991
9994,9994,9994,9994
9996,9996,9996,9996
9998,9998,9998,9998
